,Starting Balance,Principal Paid,Interest Paid,Ending Balance
1,285000.0,418.0,926.25,284582.0
2,284582.0,419.36,924.89,284162.64
3,284162.64,420.72,923.53,283741.92
4,283741.92,422.09,922.16,283319.83
5,283319.83,423.46,920.79,282896.37
6,282896.37,424.84,919.41,282471.53
7,282471.53,426.22,918.03,282045.32
8,282045.32,427.6,916.65,281617.71
9,281617.71,428.99,915.26,281188.72
10,281188.72,430.39,913.86,280758.33
11,280758.33,431.79,912.46,280326.55
12,280326.55,433.19,911.06,279893.36
13,279893.36,434.6,909.65,279458.76
14,279458.76,436.01,908.24,279022.75
15,279022.75,437.43,906.82,278585.33
16,278585.33,438.85,905.4,278146.48
17,278146.48,440.27,903.98,277706.21
18,277706.21,441.7,902.55,277264.5
19,277264.5,443.14,901.11,276821.36
20,276821.36,444.58,899.67,276376.78
21,276376.78,446.03,898.22,275930.76
22,275930.76,447.48,896.77,275483.28
23,275483.28,448.93,895.32,275034.35
24,275034.35,450.39,893.86,274583.96
25,274583.96,451.85,892.4,274132.11
26,274132.11,453.32,890.93,273678.79
27,273678.79,454.79,889.46,273224.0
28,273224.0,456.27,887.98,272767.72
29,272767.72,457.75,886.5,272309.97
30,272309.97,459.24,885.01,271850.73
31,271850.73,460.74,883.51,271389.99
32,271389.99,462.23,882.02,270927.76
33,270927.76,463.73,880.52,270464.02
34,270464.02,465.24,879.01,269998.78
35,269998.78,466.75,877.5,269532.03
36,269532.03,468.27,875.98,269063.76
37,269063.76,469.79,874.46,268593.97
38,268593.97,471.32,872.93,268122.65
39,268122.65,472.85,871.4,267649.79
40,267649.79,474.39,869.86,267175.41
41,267175.41,475.93,868.32,266699.48
42,266699.48,477.48,866.77,266222.0
43,266222.0,479.03,865.22,265742.97
44,265742.97,480.59,863.66,265262.39
45,265262.39,482.15,862.1,264780.24
46,264780.24,483.71,860.54,264296.52
47,264296.52,485.29,858.96,263811.24
48,263811.24,486.86,857.39,263324.37
49,263324.37,488.45,855.8,262835.93
50,262835.93,490.03,854.22,262345.9
51,262345.9,491.63,852.62,261854.27
52,261854.27,493.22,851.03,261361.05
53,261361.05,494.83,849.42,260866.22
54,260866.22,496.43,847.82,260369.78
55,260369.78,498.05,846.2,259871.74
56,259871.74,499.67,844.58,259372.07
57,259372.07,501.29,842.96,258870.78
58,258870.78,502.92,841.33,258367.86
59,258367.86,504.55,839.7,257863.3
60,257863.3,506.19,838.06,257357.11
61,257357.11,507.84,836.41,256849.27
62,256849.27,509.49,834.76,256339.78
63,256339.78,511.15,833.1,255828.63
64,255828.63,512.81,831.44,255315.83
65,255315.83,514.47,829.78,254801.35
66,254801.35,516.15,828.1,254285.21
67,254285.21,517.82,826.43,253767.39
68,253767.39,519.51,824.74,253247.88
69,253247.88,521.19,823.06,252726.69
70,252726.69,522.89,821.36,252203.8
71,252203.8,524.59,819.66,251679.21
72,251679.21,526.29,817.96,251152.92
73,251152.92,528.0,816.25,250624.91
74,250624.91,529.72,814.53,250095.19
75,250095.19,531.44,812.81,249563.75
76,249563.75,533.17,811.08,249030.59
77,249030.59,534.9,809.35,248495.69
78,248495.69,536.64,807.61,247959.05
79,247959.05,538.38,805.87,247420.66
80,247420.66,540.13,804.12,246880.53
81,246880.53,541.89,802.36,246338.64
82,246338.64,543.65,800.6,245794.99
83,245794.99,545.42,798.83,245249.58
84,245249.58,547.19,797.06,244702.39
85,244702.39,548.97,795.28,244153.42
86,244153.42,550.75,793.5,243602.67
87,243602.67,552.54,791.71,243050.13
88,243050.13,554.34,789.91,242495.79
89,242495.79,556.14,788.11,241939.65
90,241939.65,557.95,786.3,241381.71
91,241381.71,559.76,784.49,240821.95
92,240821.95,561.58,782.67,240260.37
93,240260.37,563.4,780.85,239696.96
94,239696.96,565.23,779.02,239131.73
95,239131.73,567.07,777.18,238564.66
96,238564.66,568.91,775.34,237995.74
97,237995.74,570.76,773.49,237424.98
98,237424.98,572.62,771.63,236852.36
99,236852.36,574.48,769.77,236277.88
100,236277.88,576.35,767.9,235701.53
101,235701.53,578.22,766.03,235123.31
102,235123.31,580.1,764.15,234543.21
103,234543.21,581.98,762.27,233961.23
104,233961.23,583.88,760.37,233377.35
105,233377.35,585.77,758.48,232791.58
106,232791.58,587.68,756.57,232203.9
107,232203.9,589.59,754.66,231614.32
108,231614.32,591.5,752.75,231022.81
109,231022.81,593.43,750.82,230429.39
110,230429.39,595.35,748.9,229834.03
111,229834.03,597.29,746.96,229236.74
112,229236.74,599.23,745.02,228637.51
113,228637.51,601.18,743.07,228036.33
114,228036.33,603.13,741.12,227433.2
115,227433.2,605.09,739.16,226828.11
116,226828.11,607.06,737.19,226221.05
117,226221.05,609.03,735.22,225612.02
118,225612.02,611.01,733.24,225001.01
119,225001.01,613.0,731.25,224388.01
120,224388.01,614.99,729.26,223773.02
121,223773.02,616.99,727.26,223156.03
122,223156.03,618.99,725.26,222537.04
123,222537.04,621.0,723.25,221916.04
124,221916.04,623.02,721.23,221293.01
125,221293.01,625.05,719.2,220667.97
126,220667.97,627.08,717.17,220040.89
127,220040.89,629.12,715.13,219411.77
128,219411.77,631.16,713.09,218780.61
129,218780.61,633.21,711.04,218147.4
130,218147.4,635.27,708.98,217512.12
131,217512.12,637.34,706.91,216874.79
132,216874.79,639.41,704.84,216235.38
133,216235.38,641.49,702.76,215593.9
134,215593.9,643.57,700.68,214950.33
135,214950.33,645.66,698.59,214304.67
136,214304.67,647.76,696.49,213656.91
137,213656.91,649.87,694.38,213007.04
138,213007.04,651.98,692.27,212355.06
139,212355.06,654.1,690.15,211700.97
140,211700.97,656.22,688.03,211044.75
141,211044.75,658.35,685.9,210386.39
142,210386.39,660.49,683.76,209725.9
143,209725.9,662.64,681.61,209063.26
144,209063.26,664.79,679.46,208398.46
145,208398.46,666.95,677.3,207731.51
146,207731.51,669.12,675.13,207062.38
147,207062.38,671.3,672.95,206391.09
148,206391.09,673.48,670.77,205717.61
149,205717.61,675.67,668.58,205041.94
150,205041.94,677.86,666.39,204364.08
151,204364.08,680.07,664.18,203684.01
152,203684.01,682.28,661.97,203001.73
153,203001.73,684.49,659.76,202317.24
154,202317.24,686.72,657.53,201630.52
155,201630.52,688.95,655.3,200941.57
156,200941.57,691.19,653.06,200250.38
157,200250.38,693.44,650.81,199556.94
158,199556.94,695.69,648.56,198861.25
159,198861.25,697.95,646.3,198163.3
160,198163.3,700.22,644.03,197463.08
161,197463.08,702.49,641.76,196760.59
162,196760.59,704.78,639.47,196055.81
163,196055.81,707.07,637.18,195348.74
164,195348.74,709.37,634.88,194639.37
165,194639.37,711.67,632.58,193927.7
166,193927.7,713.98,630.27,193213.72
167,193213.72,716.31,627.94,192497.41
168,192497.41,718.63,625.62,191778.78
169,191778.78,720.97,623.28,191057.81
170,191057.81,723.31,620.94,190334.5
171,190334.5,725.66,618.59,189608.83
172,189608.83,728.02,616.23,188880.81
173,188880.81,730.39,613.86,188150.43
174,188150.43,732.76,611.49,187417.66
175,187417.66,735.14,609.11,186682.52
176,186682.52,737.53,606.72,185944.99
177,185944.99,739.93,604.32,185205.06
178,185205.06,742.33,601.92,184462.73
179,184462.73,744.75,599.5,183717.98
180,183717.98,747.17,597.08,182970.82
181,182970.82,749.59,594.66,182221.22
182,182221.22,752.03,592.22,181469.19
183,181469.19,754.48,589.77,180714.71
184,180714.71,756.93,587.32,179957.79
185,179957.79,759.39,584.86,179198.4
186,179198.4,761.86,582.39,178436.54
187,178436.54,764.33,579.92,177672.21
188,177672.21,766.82,577.43,176905.4
189,176905.4,769.31,574.94,176136.09
190,176136.09,771.81,572.44,175364.28
191,175364.28,774.32,569.93,174589.97
192,174589.97,776.83,567.42,173813.13
193,173813.13,779.36,564.89,173033.78
194,173033.78,781.89,562.36,172251.89
195,172251.89,784.43,559.82,171467.46
196,171467.46,786.98,557.27,170680.47
197,170680.47,789.54,554.71,169890.94
198,169890.94,792.1,552.15,169098.83
199,169098.83,794.68,549.57,168304.15
200,168304.15,797.26,546.99,167506.89
201,167506.89,799.85,544.4,166707.04
202,166707.04,802.45,541.8,165904.59
203,165904.59,805.06,539.19,165099.53
204,165099.53,807.68,536.57,164291.85
205,164291.85,810.3,533.95,163481.55
206,163481.55,812.93,531.32,162668.61
207,162668.61,815.58,528.67,161853.04
208,161853.04,818.23,526.02,161034.81
209,161034.81,820.89,523.36,160213.92
210,160213.92,823.55,520.7,159390.37
211,159390.37,826.23,518.02,158564.14
212,158564.14,828.92,515.33,157735.22
213,157735.22,831.61,512.64,156903.61
214,156903.61,834.31,509.94,156069.3
215,156069.3,837.02,507.23,155232.27
216,155232.27,839.75,504.5,154392.53
217,154392.53,842.47,501.78,153550.05
218,153550.05,845.21,499.04,152704.84
219,152704.84,847.96,496.29,151856.88
220,151856.88,850.72,493.53,151006.16
221,151006.16,853.48,490.77,150152.68
222,150152.68,856.25,488.0,149296.43
223,149296.43,859.04,485.21,148437.39
224,148437.39,861.83,482.42,147575.57
225,147575.57,864.63,479.62,146710.94
226,146710.94,867.44,476.81,145843.5
227,145843.5,870.26,473.99,144973.24
228,144973.24,873.09,471.16,144100.15
229,144100.15,875.92,468.33,143224.23
230,143224.23,878.77,465.48,142345.46
231,142345.46,881.63,462.62,141463.83
232,141463.83,884.49,459.76,140579.34
233,140579.34,887.37,456.88,139691.97
234,139691.97,890.25,454.0,138801.72
235,138801.72,893.14,451.11,137908.57
236,137908.57,896.05,448.2,137012.53
237,137012.53,898.96,445.29,136113.57
238,136113.57,901.88,442.37,135211.69
239,135211.69,904.81,439.44,134306.87
240,134306.87,907.75,436.5,133399.12
241,133399.12,910.7,433.55,132488.42
242,132488.42,913.66,430.59,131574.76
243,131574.76,916.63,427.62,130658.12
244,130658.12,919.61,424.64,129738.51
245,129738.51,922.6,421.65,128815.91
246,128815.91,925.6,418.65,127890.31
247,127890.31,928.61,415.64,126961.71
248,126961.71,931.62,412.63,126030.08
249,126030.08,934.65,409.6,125095.43
250,125095.43,937.69,406.56,124157.74
251,124157.74,940.74,403.51,123217.0
252,123217.0,943.79,400.46,122273.21
253,122273.21,946.86,397.39,121326.35
254,121326.35,949.94,394.31,120376.41
255,120376.41,953.03,391.22,119423.38
256,119423.38,956.12,388.13,118467.26
257,118467.26,959.23,385.02,117508.03
258,117508.03,962.35,381.9,116545.68
259,116545.68,965.48,378.77,115580.2
260,115580.2,968.61,375.64,114611.59
261,114611.59,971.76,372.49,113639.82
262,113639.82,974.92,369.33,112664.9
263,112664.9,978.09,366.16,111686.81
264,111686.81,981.27,362.98,110705.55
265,110705.55,984.46,359.79,109721.09
266,109721.09,987.66,356.59,108733.43
267,108733.43,990.87,353.38,107742.57
268,107742.57,994.09,350.16,106748.48
269,106748.48,997.32,346.93,105751.16
270,105751.16,1000.56,343.69,104750.6
271,104750.6,1003.81,340.44,103746.79
272,103746.79,1007.07,337.18,102739.72
273,102739.72,1010.35,333.9,101729.37
274,101729.37,1013.63,330.62,100715.74
275,100715.74,1016.92,327.33,99698.82
276,99698.82,1020.23,324.02,98678.59
277,98678.59,1023.54,320.71,97655.05
278,97655.05,1026.87,317.38,96628.18
279,96628.18,1030.21,314.04,95597.97
280,95597.97,1033.56,310.69,94564.41
281,94564.41,1036.92,307.33,93527.5
282,93527.5,1040.29,303.96,92487.21
283,92487.21,1043.67,300.58,91443.54
284,91443.54,1047.06,297.19,90396.48
285,90396.48,1050.46,293.79,89346.02
286,89346.02,1053.88,290.37,88292.15
287,88292.15,1057.3,286.95,87234.85
288,87234.85,1060.74,283.51,86174.11
289,86174.11,1064.18,280.07,85109.93
290,85109.93,1067.64,276.61,84042.28
291,84042.28,1071.11,273.14,82971.17
292,82971.17,1074.59,269.66,81896.58
293,81896.58,1078.09,266.16,80818.49
294,80818.49,1081.59,262.66,79736.9
295,79736.9,1085.11,259.14,78651.8
296,78651.8,1088.63,255.62,77563.16
297,77563.16,1092.17,252.08,76470.99
298,76470.99,1095.72,248.53,75375.28
299,75375.28,1099.28,244.97,74276.0
300,74276.0,1102.85,241.4,73173.14
301,73173.14,1106.44,237.81,72066.7
302,72066.7,1110.03,234.22,70956.67
303,70956.67,1113.64,230.61,69843.03
304,69843.03,1117.26,226.99,68725.77
305,68725.77,1120.89,223.36,67604.88
306,67604.88,1124.53,219.72,66480.35
307,66480.35,1128.19,216.06,65352.16
308,65352.16,1131.86,212.39,64220.3
309,64220.3,1135.53,208.72,63084.77
310,63084.77,1139.22,205.03,61945.54
311,61945.54,1142.93,201.32,60802.62
312,60802.62,1146.64,197.61,59655.97
313,59655.97,1150.37,193.88,58505.61
314,58505.61,1154.11,190.14,57351.5
315,57351.5,1157.86,186.39,56193.64
316,56193.64,1161.62,182.63,55032.02
317,55032.02,1165.4,178.85,53866.62
318,53866.62,1169.18,175.07,52697.44
319,52697.44,1172.98,171.27,51524.46
320,51524.46,1176.8,167.45,50347.66
321,50347.66,1180.62,163.63,49167.04
322,49167.04,1184.46,159.79,47982.59
323,47982.59,1188.31,155.94,46794.28
324,46794.28,1192.17,152.08,45602.11
325,45602.11,1196.04,148.21,44406.07
326,44406.07,1199.93,144.32,43206.14
327,43206.14,1203.83,140.42,42002.31
328,42002.31,1207.74,136.51,40794.56
329,40794.56,1211.67,132.58,39582.9
330,39582.9,1215.61,128.64,38367.29
331,38367.29,1219.56,124.69,37147.73
332,37147.73,1223.52,120.73,35924.21
333,35924.21,1227.5,116.75,34696.72
334,34696.72,1231.49,112.76,33465.23
335,33465.23,1235.49,108.76,32229.74
336,32229.74,1239.5,104.75,30990.24
337,30990.24,1243.53,100.72,29746.71
338,29746.71,1247.57,96.68,28499.14
339,28499.14,1251.63,92.62,27247.51
340,27247.51,1255.7,88.55,25991.81
341,25991.81,1259.78,84.47,24732.04
342,24732.04,1263.87,80.38,23468.17
343,23468.17,1267.98,76.27,22200.19
344,22200.19,1272.1,72.15,20928.09
345,20928.09,1276.23,68.02,19651.85
346,19651.85,1280.38,63.87,18371.47
347,18371.47,1284.54,59.71,17086.93
348,17086.93,1288.72,55.53,15798.21
349,15798.21,1292.91,51.34,14505.31
350,14505.31,1297.11,47.14,13208.2
351,13208.2,1301.32,42.93,11906.88
352,11906.88,1305.55,38.7,10601.32
353,10601.32,1309.8,34.45,9291.53
354,9291.53,1314.05,30.2,7977.47
355,7977.47,1318.32,25.93,6659.15
356,6659.15,1322.61,21.64,5336.54
357,5336.54,1326.91,17.34,4009.64
358,4009.64,1331.22,13.03,2678.42
359,2678.42,1335.55,8.7,1342.87
360,1342.87,1339.89,4.36,0.0
